1 504 1
2 10 1
2 32 1
2 67 1
2 189 1
2 443 1
4 55 1
4 56 1
4 77 1
4 277 1
4 401 1
4 402 1
4 428 1
4 432 1
5 337 1
7 21 1
7 25 1
7 32 1
7 131 1
7 194 1
7 201 1
7 220 1
7 244 1
7 334 1
7 344 1
7 351 1
7 441 1
7 458 1
7 465 1
7 469 1
7 473 1
7 485 1
7 490 1
7 534 1
7 537 1
7 538 1
7 561 1
7 567 1
9 3 1
9 27 1
9 34 1
9 59 1
9 87 1
9 346 1
9 354 1
9 429 1
9 449 1
9 505 1
11 33 1
11 208 1
11 273 1
11 307 1
11 569 1
12 10 1
12 175 1
12 423 1
12 504 1
14 205 1
14 206 1
14 427 1
14 433 1
14 459 1
14 461 1
14 462 1
14 463 1
14 479 1
18 34 1
18 96 1
18 123 1
18 163 1
18 249 1
18 518 1
18 536 1
20 280 1
21 27 1
21 32 1
21 34 1
21 43 1
21 44 1
21 93 1
21 120 1
21 189 1
21 193 1
21 202 1
21 208 1
21 215 1
21 246 1
21 260 1
21 308 1
21 326 1
21 354 1
21 363 1
21 369 1
21 393 1
21 446 1
21 504 1
21 505 1
21 513 1
21 552 1
21 553 1
21 558 1
21 560 1
21 572 1
21 573 1
26 236 1
29 34 1
29 93 1
29 513 1
31 22 1
31 32 1
31 33 1
31 93 1
31 118 1
31 189 1
31 194 1
31 200 1
31 260 1
31 281 1
31 337 1
31 354 1
31 383 1
31 384 1
31 405 1
31 441 1
31 445 1
31 458 1
31 469 1
31 473 1
31 485 1
31 490 1
31 505 1
31 513 1
31 537 1
31 569 1
31 573 1
32 215 1
35 32 1
35 33 1
35 113 1
35 504 1
35 569 1
38 215 1
38 277 1
38 538 1
41 189 1
46 327 1
47 118 1
47 311 1
47 352 1
47 383 1
47 405 1
51 271 1
52 10 1
52 32 1
52 33 1
52 60 1
52 107 1
52 194 1
52 205 1
52 206 1
52 208 1
52 212 1
52 215 1
52 244 1
52 247 1
52 427 1
52 433 1
52 441 1
52 458 1
52 459 1
52 461 1
52 462 1
52 463 1
52 467 1
52 469 1
52 473 1
52 479 1
52 483 1
52 485 1
52 490 1
52 504 1
52 522 1
52 537 1
52 569 1
54 358 1
56 39 1
56 194 1
56 382 1
56 441 1
56 458 1
56 469 1
56 473 1
56 485 1
56 490 1
56 537 1
57 10 1
57 52 1
57 237 1
57 291 1
57 297 1
57 364 1
57 384 1
57 482 1
57 500 1
58 8 1
58 205 1
58 206 1
58 208 1
58 273 1
58 307 1
58 386 1
58 427 1
58 433 1
58 459 1
58 461 1
58 462 1
58 463 1
58 479 1
59 27 1
59 231 1
59 369 1
59 393 1
59 552 1
59 553 1
59 572 1
60 284 1
60 285 1
60 357 1
60 540 1
61 96 1
61 163 1
61 201 1
61 467 1
61 536 1
62 6 1
62 21 1
62 165 1
62 189 1
62 212 1
62 366 1
63 27 1
63 189 1
67 20 1
67 103 1
67 393 1
67 440 1
67 471 1
67 504 1
67 552 1
67 553 1
67 558 1
67 560 1
67 572 1
68 10 1
68 158 1
68 168 1
68 255 1
68 392 1
68 396 1
68 397 1
68 446 1
68 495 1
68 516 1
68 520 1
68 535 1
68 541 1
68 559 1
68 565 1
69 155 1
69 558 1
69 560 1
69 563 1
70 20 1
70 36 1
70 38 1
70 118 1
70 155 1
70 558 1
70 560 1
70 563 1
71 15 1
71 32 1
71 189 1
72 251 1
72 431 1
73 61 1
73 65 1
73 99 1
73 123 1
73 216 1
73 225 1
73 229 1
73 437 1
73 467 1
73 512 1
74 100 1
74 205 1
74 206 1
74 427 1
74 433 1
74 459 1
74 461 1
74 462 1
74 463 1
74 479 1
74 493 1
74 511 1
76 10 1
76 32 1
76 90 1
76 100 1
76 224 1
76 231 1
76 535 1
76 559 1
78 8 1
78 168 1
78 205 1
78 206 1
78 225 1
78 328 1
78 427 1
78 433 1
78 459 1
78 461 1
78 462 1
78 463 1
78 479 1
78 487 1
78 535 1
78 559 1
79 36 1
79 155 1
79 563 1
80 27 1
80 32 1
80 34 1
80 74 1
80 93 1
80 133 1
80 139 1
80 269 1
80 337 1
80 347 1
80 351 1
80 354 1
80 370 1
80 445 1
80 505 1
80 513 1
80 538 1
80 551 1
82 4 1
82 36 1
82 52 1
82 170 1
82 172 1
82 419 1
83 361 1
83 399 1
83 446 1
85 4 1
85 88 1
85 96 1
85 123 1
85 163 1
85 536 1
85 571 1
87 36 1
87 91 1
87 155 1
87 504 1
87 563 1
90 476 1
92 85 1
92 87 1
92 96 1
92 100 1
92 113 1
92 123 1
92 146 1
92 260 1
92 446 1
92 497 1
92 535 1
92 573 1
94 98 1
94 155 1
94 189 1
94 196 1
94 277 1
95 36 1
95 526 1
95 562 1
96 450 1
96 514 1
97 10 1
97 36 1
97 45 1
97 155 1
97 205 1
97 206 1
97 427 1
97 433 1
97 459 1
97 461 1
97 462 1
97 463 1
97 465 1
97 479 1
97 534 1
97 563 1
98 166 1
99 20 1
99 221 1
99 440 1
99 504 1
99 558 1
99 560 1
100 506 1
101 194 1
101 441 1
101 458 1
101 469 1
101 473 1
101 476 1
101 485 1
101 490 1
101 537 1
102 119 1
102 147 1
102 328 1
104 23 1
104 88 1
104 228 1
104 423 1
105 38 1
105 118 1
105 155 1
105 164 1
105 196 1
105 250 1
105 267 1
105 425 1
105 563 1
106 8 1
106 36 1
106 68 1
106 100 1
106 158 1
106 168 1
106 211 1
106 255 1
106 284 1
106 285 1
106 357 1
106 392 1
106 396 1
106 397 1
106 495 1
106 516 1
106 535 1
106 540 1
106 541 1
106 559 1
106 565 1
107 146 1
107 389 1
107 519 1
107 521 1
107 523 1
107 524 1
109 251 1
110 556 1
111 32 1
111 538 1
113 57 1
113 58 1
113 60 1
113 426 1
116 155 1
116 563 1
117 103 1
117 354 1
117 471 1
117 505 1
117 554 1
120 4 1
120 8 1
120 123 1
120 159 1
120 160 1
120 162 1
120 213 1
120 214 1
120 421 1
120 422 1
120 535 1
120 559 1
120 571 1
122 267 1
124 559 1
125 196 1
125 558 1
125 560 1
126 219 1
126 359 1
128 189 1
130 298 1
131 113 1
131 146 1
132 24 1
132 61 1
132 128 1
132 133 1
132 260 1
132 336 1
132 349 1
132 378 1
132 445 1
132 573 1
134 33 1
134 231 1
134 366 1
134 510 1
134 569 1
135 45 1
135 52 1
135 90 1
135 170 1
135 172 1
135 205 1
135 206 1
135 419 1
135 427 1
135 433 1
135 459 1
135 461 1
135 462 1
135 463 1
135 479 1
136 90 1
136 205 1
136 206 1
136 255 1
136 392 1
136 396 1
136 397 1
136 427 1
136 433 1
136 459 1
136 461 1
136 462 1
136 463 1
136 479 1
136 495 1
136 516 1
136 541 1
136 559 1
136 565 1
138 4 1
138 419 1
138 429 1
138 571 1
140 32 1
140 189 1
140 194 1
140 316 1
140 441 1
140 458 1
140 469 1
140 473 1
140 485 1
140 490 1
140 527 1
140 537 1
142 9 1
142 20 1
142 36 1
142 53 1
142 86 1
142 153 1
142 162 1
142 184 1
142 226 1
142 273 1
142 386 1
142 420 1
142 457 1
142 529 1
142 530 1
144 96 1
144 137 1
144 163 1
144 536 1
145 32 1
145 34 1
145 189 1
145 378 1
146 423 1
147 35 1
147 260 1
147 261 1
147 573 1
150 535 1
151 219 1
151 359 1
151 452 1
152 24 1
152 32 1
152 33 1
152 93 1
152 139 1
152 260 1
152 299 1
152 320 1
152 337 1
152 354 1
152 367 1
152 378 1
152 505 1
152 513 1
152 569 1
152 573 1
154 20 1
154 28 1
154 29 1
154 36 1
154 38 1
154 147 1
154 155 1
154 169 1
154 196 1
154 226 1
154 227 1
154 393 1
154 526 1
154 552 1
154 553 1
154 558 1
154 560 1
154 562 1
154 563 1
154 572 1
156 32 1
156 354 1
156 505 1
156 558 1
156 560 1
158 4 1
158 52 1
158 170 1
158 172 1
158 419 1
158 571 1
159 20 1
159 155 1
159 197 1
159 393 1
159 552 1
159 553 1
159 563 1
159 572 1
162 8 1
162 42 1
162 60 1
162 123 1
162 146 1
162 339 1
162 361 1
162 389 1
162 408 1
162 446 1
162 480 1
162 520 1
162 521 1
164 155 1
164 558 1
164 560 1
164 563 1
165 32 1
165 445 1
166 24 1
166 128 1
166 251 1
166 257 1
166 260 1
166 431 1
166 506 1
166 573 1
167 221 1
167 504 1
168 94 1
168 95 1
168 179 1
168 343 1
168 377 1
169 36 1
169 558 1
169 560 1
170 36 1
170 73 1
170 123 1
170 306 1
170 342 1
170 410 1
170 416 1
170 558 1
170 560 1
171 5 1
171 6 1
171 14 1
171 32 1
171 34 1
171 102 1
171 164 1
171 165 1
171 167 1
171 337 1
171 351 1
171 353 1
171 378 1
171 451 1
171 454 1
173 57 1
173 58 1
173 60 1
173 426 1
173 446 1
174 8 1
174 68 1
174 100 1
174 123 1
174 158 1
174 168 1
174 205 1
174 206 1
174 427 1
174 433 1
174 459 1
174 461 1
174 462 1
174 463 1
174 479 1
174 520 1
174 535 1
174 559 1
175 91 1
175 92 1
175 155 1
175 447 1
176 194 1
176 441 1
176 458 1
176 469 1
176 473 1
176 485 1
176 490 1
176 537 1
177 100 1
177 255 1
177 392 1
177 396 1
177 397 1
177 495 1
177 516 1
177 541 1
177 565 1
178 24 1
178 125 1
178 140 1
178 141 1
178 260 1
178 299 1
178 320 1
178 367 1
178 375 1
178 470 1
178 481 1
178 538 1
178 573 1
179 24 1
179 25 1
179 128 1
179 131 1
179 201 1
179 448 1
179 481 1
179 484 1
179 489 1
179 557 1
181 33 1
181 354 1
181 505 1
181 569 1
183 36 1
183 38 1
183 123 1
183 260 1
183 393 1
183 552 1
183 553 1
183 558 1
183 560 1
183 572 1
183 573 1
185 123 1
185 226 1
190 13 1
190 77 1
190 78 1
190 79 1
190 80 1
190 220 1
190 288 1
190 404 1
192 67 1
192 215 1
192 233 1
193 27 1
193 32 1
193 33 1
193 74 1
193 87 1
193 92 1
193 189 1
193 260 1
193 354 1
193 505 1
193 525 1
193 538 1
193 569 1
193 573 1
195 32 1
195 260 1
195 335 1
195 378 1
195 573 1
196 36 1
196 526 1
196 562 1
197 32 1
197 33 1
197 74 1
197 87 1
197 107 1
197 189 1
197 209 1
197 235 1
197 260 1
197 299 1
197 337 1
197 347 1
197 470 1
197 481 1
197 483 1
197 538 1
197 551 1
197 569 1
197 573 1
198 155 1
198 563 1
199 535 1
200 8 1
200 9 1
200 10 1
200 42 1
200 52 1
200 168 1
200 196 1
200 205 1
200 206 1
200 255 1
200 273 1
200 307 1
200 338 1
200 392 1
200 396 1
200 397 1
200 420 1
200 427 1
200 433 1
200 445 1
200 459 1
200 461 1
200 462 1
200 463 1
200 478 1
200 479 1
200 482 1
200 495 1
200 497 1
200 511 1
200 516 1
200 521 1
200 529 1
200 530 1
200 535 1
200 541 1
200 565 1
200 570 1
202 146 1
202 521 1
203 34 1
203 96 1
203 113 1
203 123 1
203 146 1
203 163 1
203 201 1
203 504 1
203 536 1
203 542 1
203 558 1
203 560 1
204 27 1
204 32 1
204 33 1
204 34 1
204 189 1
204 196 1
204 260 1
204 538 1
204 569 1
204 573 1
205 96 1
205 113 1
205 542 1
206 277 1
207 113 1
207 146 1
207 389 1
208 104 1
208 123 1
208 205 1
208 206 1
208 328 1
208 427 1
208 433 1
208 459 1
208 461 1
208 462 1
208 463 1
208 479 1
208 535 1
208 559 1
209 33 1
209 569 1
210 10 1
210 170 1
210 172 1
210 559 1
211 387 1
212 155 1
212 196 1
212 558 1
212 560 1
212 563 1
214 123 1
214 467 1
214 542 1
215 10 1
215 14 1
215 27 1
215 32 1
215 33 1
215 34 1
215 56 1
215 67 1
215 74 1
215 75 1
215 76 1
215 81 1
215 87 1
215 93 1
215 96 1
215 107 1
215 110 1
215 111 1
215 123 1
215 131 1
215 146 1
215 163 1
215 192 1
215 196 1
215 201 1
215 249 1
215 260 1
215 290 1
215 317 1
215 360 1
215 362 1
215 401 1
215 419 1
215 445 1
215 448 1
215 456 1
215 464 1
215 465 1
215 483 1
215 484 1
215 489 1
215 513 1
215 517 1
215 518 1
215 534 1
215 536 1
215 544 1
215 551 1
215 557 1
215 569 1
215 573 1
216 256 1
217 57 1
217 58 1
217 60 1
217 188 1
217 215 1
217 243 1
217 426 1
217 446 1
217 558 1
217 560 1
218 251 1
218 257 1
218 431 1
218 506 1
219 123 1
219 497 1
220 8 1
220 49 1
220 99 1
220 158 1
220 168 1
220 205 1
220 206 1
220 255 1
220 329 1
220 330 1
220 331 1
220 332 1
220 392 1
220 395 1
220 396 1
220 397 1
220 419 1
220 424 1
220 427 1
220 433 1
220 459 1
220 461 1
220 462 1
220 463 1
220 479 1
220 495 1
220 502 1
220 516 1
220 535 1
220 541 1
220 559 1
220 565 1
221 28 1
221 36 1
221 38 1
221 137 1
221 147 1
221 558 1
221 560 1
223 194 1
223 298 1
223 441 1
223 458 1
223 460 1
223 469 1
223 473 1
223 485 1
223 490 1
223 537 1
224 23 1
224 228 1
224 366 1
224 400 1
224 423 1
227 509 1
228 32 1
228 36 1
228 155 1
228 197 1
228 236 1
228 393 1
228 504 1
228 526 1
228 535 1
228 552 1
228 553 1
228 558 1
228 560 1
228 562 1
228 563 1
228 572 1
231 123 1
231 237 1
231 418 1
232 420 1
232 529 1
232 530 1
232 535 1
233 379 1
233 380 1
233 381 1
234 42 1
234 535 1
235 9 1
235 22 1
235 155 1
235 196 1
235 563 1
236 21 1
236 32 1
236 233 1
237 194 1
237 366 1
237 441 1
237 445 1
237 458 1
237 469 1
237 473 1
237 485 1
237 490 1
237 537 1
238 146 1
239 113 1
240 277 1
241 123 1
242 32 1
242 189 1
242 371 1
245 255 1
245 392 1
245 396 1
245 397 1
245 495 1
245 516 1
245 541 1
245 565 1
246 32 1
246 189 1
246 260 1
246 299 1
246 354 1
246 505 1
246 538 1
246 573 1
248 45 1
248 64 1
248 158 1
248 168 1
248 205 1
248 206 1
248 419 1
248 427 1
248 433 1
248 459 1
248 461 1
248 462 1
248 463 1
248 479 1
248 487 1
248 559 1
249 23 1
249 155 1
249 228 1
250 113 1
250 124 1
251 67 1
251 165 1
251 215 1
251 233 1
251 451 1
252 87 1
252 119 1
254 158 1
254 255 1
254 392 1
254 396 1
254 397 1
254 495 1
254 516 1
254 541 1
254 559 1
254 565 1
255 113 1
255 237 1
255 437 1
256 36 1
256 91 1
256 92 1
256 146 1
256 155 1
256 191 1
256 389 1
256 393 1
256 447 1
256 552 1
256 553 1
256 558 1
256 560 1
256 563 1
256 572 1
257 155 1
257 196 1
258 103 1
259 170 1
259 205 1
259 206 1
259 419 1
259 427 1
259 433 1
259 459 1
259 461 1
259 462 1
259 463 1
259 479 1
262 36 1
262 73 1
262 306 1
262 342 1
262 410 1
262 416 1
263 253 1
263 263 1
263 264 1
263 266 1
263 284 1
263 286 1
263 403 1
264 20 1
264 29 1
264 51 1
264 112 1
264 155 1
264 197 1
264 226 1
264 393 1
264 468 1
264 474 1
264 515 1
264 552 1
264 553 1
264 554 1
264 558 1
264 560 1
264 563 1
264 568 1
264 572 1
266 36 1
266 242 1
266 250 1
266 257 1
266 267 1
266 425 1
267 27 1
268 45 1
268 52 1
268 170 1
268 172 1
268 205 1
268 206 1
268 419 1
268 427 1
268 433 1
268 459 1
268 461 1
268 462 1
268 463 1
268 479 1
269 91 1
269 92 1
269 113 1
269 119 1
269 124 1
269 218 1
269 447 1
269 542 1
270 377 1
270 431 1
270 466 1
271 21 1
271 36 1
271 38 1
271 283 1
271 517 1
271 526 1
271 562 1
272 168 1
272 205 1
272 206 1
272 427 1
272 433 1
272 459 1
272 461 1
272 462 1
272 463 1
272 479 1
272 535 1
272 561 1
273 419 1
274 36 1
274 51 1
274 440 1
274 504 1
274 535 1
275 157 1
275 251 1
275 431 1
275 506 1
277 13 1
277 32 1
277 36 1
277 67 1
277 273 1
277 504 1
277 538 1
278 124 1
278 166 1
278 361 1
278 399 1
278 446 1
278 542 1
279 32 1
279 33 1
279 34 1
279 87 1
279 107 1
279 139 1
279 222 1
279 445 1
279 483 1
279 492 1
279 501 1
279 538 1
279 551 1
279 569 1
280 6 1
280 32 1
280 102 1
280 107 1
280 165 1
280 167 1
280 189 1
280 337 1
280 378 1
280 451 1
280 454 1
280 483 1
280 492 1
282 155 1
282 197 1
282 393 1
282 552 1
282 553 1
282 558 1
282 560 1
282 563 1
282 572 1
283 559 1
285 168 1
285 205 1
285 206 1
285 328 1
285 427 1
285 433 1
285 459 1
285 461 1
285 462 1
285 463 1
285 479 1
285 535 1
285 558 1
285 559 1
285 560 1
288 205 1
288 206 1
288 427 1
288 433 1
288 459 1
288 461 1
288 462 1
288 463 1
288 479 1
289 205 1
289 206 1
289 427 1
289 433 1
289 459 1
289 461 1
289 462 1
289 463 1
289 479 1
289 497 1
292 10 1
292 20 1
292 32 1
292 57 1
292 58 1
292 60 1
292 130 1
292 179 1
292 196 1
292 215 1
292 231 1
292 243 1
292 260 1
292 426 1
292 475 1
292 558 1
292 560 1
292 573 1
293 4 1
293 52 1
293 170 1
293 172 1
293 419 1
293 571 1
297 277 1
297 292 1
297 293 1
297 294 1
298 420 1
298 529 1
298 530 1
299 9 1
299 38 1
299 56 1
299 155 1
299 250 1
299 255 1
299 267 1
299 392 1
299 396 1
299 397 1
299 401 1
299 425 1
299 465 1
299 476 1
299 495 1
299 516 1
299 534 1
299 541 1
299 558 1
299 560 1
299 563 1
299 565 1
300 45 1
300 100 1
300 255 1
300 392 1
300 396 1
300 397 1
300 493 1
300 495 1
300 516 1
300 541 1
300 565 1
302 104 1
302 228 1
302 237 1
302 287 1
302 356 1
303 535 1
306 299 1
306 354 1
306 505 1
311 113 1
311 211 1
311 284 1
311 285 1
311 357 1
311 540 1
312 30 1
312 124 1
312 146 1
312 205 1
312 255 1
312 274 1
312 389 1
312 392 1
312 396 1
312 397 1
312 415 1
312 495 1
312 500 1
312 503 1
312 516 1
312 541 1
312 565 1
313 20 1
313 34 1
313 196 1
313 204 1
313 558 1
313 560 1
314 56 1
314 155 1
314 267 1
314 345 1
314 401 1
314 425 1
314 563 1
315 413 1
315 445 1
315 453 1
315 481 1
315 549 1
315 551 1
317 166 1
317 251 1
317 476 1
318 27 1
318 32 1
318 33 1
318 34 1
318 107 1
318 189 1
318 260 1
318 299 1
318 337 1
318 354 1
318 470 1
318 481 1
318 483 1
318 492 1
318 505 1
318 538 1
318 569 1
318 573 1
320 54 1
320 75 1
320 129 1
320 194 1
320 201 1
320 226 1
320 441 1
320 458 1
320 460 1
320 469 1
320 473 1
320 485 1
320 490 1
320 537 1
321 24 1
321 27 1
321 209 1
321 282 1
321 299 1
321 320 1
321 367 1
321 481 1
322 27 1
322 32 1
322 34 1
322 74 1
322 87 1
322 189 1
322 260 1
322 299 1
322 351 1
322 378 1
322 407 1
322 470 1
322 481 1
322 538 1
322 573 1
324 23 1
324 228 1
324 277 1
324 423 1
324 431 1
325 91 1
325 92 1
325 155 1
325 191 1
325 447 1
326 36 1
326 535 1
327 40 1
327 94 1
327 95 1
327 343 1
327 377 1
327 559 1
330 88 1
330 467 1
331 431 1
331 509 1
333 119 1
333 123 1
333 148 1
333 155 1
333 176 1
333 197 1
333 237 1
333 418 1
333 563 1
334 100 1
334 123 1
334 168 1
334 205 1
334 206 1
334 427 1
334 428 1
334 432 1
334 433 1
334 459 1
334 461 1
334 462 1
334 463 1
334 479 1
334 535 1
334 559 1
335 194 1
335 315 1
335 441 1
335 458 1
335 469 1
335 473 1
335 485 1
335 490 1
335 522 1
335 537 1
337 96 1
337 123 1
337 201 1
339 234 1
340 56 1
340 100 1
340 123 1
340 401 1
340 406 1
342 32 1
342 237 1
343 96 1
343 163 1
343 201 1
343 536 1
344 20 1
344 21 1
344 90 1
344 93 1
344 99 1
344 440 1
344 513 1
345 251 1
345 257 1
345 431 1
346 68 1
346 90 1
346 158 1
346 168 1
346 177 1
346 196 1
346 205 1
346 206 1
346 255 1
346 328 1
346 392 1
346 396 1
346 397 1
346 427 1
346 433 1
346 446 1
346 459 1
346 461 1
346 462 1
346 463 1
346 479 1
346 495 1
346 516 1
346 520 1
346 535 1
346 541 1
346 559 1
346 565 1
349 8 1
349 287 1
349 535 1
350 123 1
350 162 1
350 168 1
350 559 1
351 45 1
351 93 1
351 100 1
351 113 1
351 205 1
351 206 1
351 427 1
351 433 1
351 459 1
351 461 1
351 462 1
351 463 1
351 479 1
351 487 1
351 513 1
351 535 1
353 277 1
354 132 1
354 189 1
354 336 1
354 337 1
354 481 1
355 6 1
355 10 1
355 27 1
355 32 1
355 165 1
355 189 1
355 337 1
355 451 1
355 559 1
356 32 1
356 33 1
356 67 1
356 84 1
356 87 1
356 96 1
356 107 1
356 123 1
356 131 1
356 163 1
356 181 1
356 182 1
356 189 1
356 249 1
356 318 1
356 337 1
356 347 1
356 354 1
356 448 1
356 470 1
356 483 1
356 484 1
356 489 1
356 505 1
356 518 1
356 536 1
356 557 1
356 569 1
358 91 1
358 92 1
358 155 1
358 447 1
361 201 1
361 435 1
362 538 1
363 36 1
363 393 1
363 526 1
363 552 1
363 553 1
363 558 1
363 560 1
363 562 1
363 572 1
364 9 1
364 144 1
364 158 1
364 161 1
364 168 1
364 255 1
364 350 1
364 390 1
364 392 1
364 396 1
364 397 1
364 419 1
364 495 1
364 516 1
364 535 1
364 541 1
364 565 1
365 57 1
365 58 1
365 60 1
365 426 1
366 118 1
366 155 1
366 563 1
368 10 1
368 170 1
368 172 1
368 419 1
369 33 1
369 87 1
369 125 1
369 150 1
369 569 1
371 4 1
371 90 1
371 123 1
371 467 1
371 571 1
372 558 1
372 560 1
373 27 1
373 189 1
373 215 1
374 96 1
374 163 1
374 249 1
374 518 1
374 536 1
375 23 1
375 34 1
375 87 1
375 228 1
375 361 1
375 400 1
376 10 1
376 45 1
376 64 1
376 90 1
376 205 1
376 206 1
376 211 1
376 255 1
376 392 1
376 396 1
376 397 1
376 420 1
376 427 1
376 433 1
376 459 1
376 461 1
376 462 1
376 463 1
376 479 1
376 495 1
376 497 1
376 516 1
376 529 1
376 530 1
376 535 1
376 541 1
376 559 1
376 565 1
377 419 1
380 113 1
380 123 1
381 103 1
385 4 1
385 20 1
385 61 1
385 100 1
385 113 1
385 494 1
385 542 1
385 571 1
386 27 1
386 32 1
386 33 1
386 34 1
386 74 1
386 87 1
386 93 1
386 139 1
386 154 1
386 189 1
386 209 1
386 235 1
386 260 1
386 299 1
386 337 1
386 347 1
386 351 1
386 354 1
386 375 1
386 378 1
386 470 1
386 505 1
386 507 1
386 513 1
386 538 1
386 569 1
386 573 1
389 118 1
389 155 1
389 465 1
389 534 1
389 558 1
389 560 1
389 563 1
391 36 1
391 91 1
391 155 1
391 563 1
392 32 1
392 125 1
392 189 1
392 207 1
392 260 1
392 445 1
392 573 1
393 155 1
393 267 1
393 563 1
395 33 1
395 87 1
395 354 1
395 505 1
395 569 1
399 33 1
399 93 1
399 107 1
399 260 1
399 354 1
399 505 1
399 513 1
399 569 1
399 573 1
400 21 1
400 24 1
400 25 1
400 27 1
400 31 1
400 32 1
400 34 1
400 93 1
400 107 1
400 128 1
400 131 1
400 139 1
400 189 1
400 198 1
400 200 1
400 201 1
400 209 1
400 244 1
400 260 1
400 299 1
400 337 1
400 347 1
400 351 1
400 354 1
400 448 1
400 465 1
400 470 1
400 481 1
400 483 1
400 484 1
400 489 1
400 505 1
400 513 1
400 534 1
400 538 1
400 545 1
400 546 1
400 547 1
400 548 1
400 551 1
400 557 1
400 567 1
400 573 1
402 166 1
402 251 1
403 30 1
403 274 1
403 415 1
404 27 1
404 113 1
404 166 1
404 208 1
404 251 1
404 260 1
404 277 1
404 349 1
404 366 1
404 423 1
404 573 1
406 32 1
407 36 1
407 99 1
407 100 1
407 123 1
407 158 1
407 168 1
407 328 1
407 428 1
407 432 1
407 559 1
408 24 1
408 27 1
408 31 1
408 32 1
408 33 1
408 93 1
408 107 1
408 125 1
408 131 1
408 139 1
408 189 1
408 209 1
408 220 1
408 235 1
408 260 1
408 269 1
408 282 1
408 299 1
408 318 1
408 320 1
408 337 1
408 347 1
408 351 1
408 354 1
408 367 1
408 370 1
408 378 1
408 444 1
408 445 1
408 448 1
408 470 1
408 481 1
408 483 1
408 484 1
408 489 1
408 505 1
408 513 1
408 538 1
408 551 1
408 557 1
408 569 1
408 573 1
409 20 1
409 38 1
409 118 1
409 155 1
409 465 1
409 534 1
409 563 1
411 1 1
411 15 1
411 27 1
411 32 1
411 33 1
411 34 1
411 50 1
411 74 1
411 87 1
411 93 1
411 107 1
411 154 1
411 189 1
411 260 1
411 354 1
411 378 1
411 470 1
411 483 1
411 505 1
411 507 1
411 513 1
411 538 1
411 569 1
411 573 1
412 328 1
412 334 1
413 168 1
413 535 1
414 298 1
415 20 1
415 194 1
415 441 1
415 458 1
415 469 1
415 473 1
415 476 1
415 485 1
415 490 1
415 537 1
416 67 1
416 196 1
416 251 1
416 277 1
416 431 1
416 506 1
417 377 1
417 465 1
417 466 1
417 534 1
419 24 1
419 128 1
419 378 1
420 194 1
420 260 1
420 441 1
420 458 1
420 469 1
420 473 1
420 485 1
420 490 1
420 537 1
420 573 1
421 27 1
421 74 1
421 96 1
421 163 1
421 201 1
421 249 1
421 260 1
421 518 1
421 536 1
421 558 1
421 560 1
421 573 1
422 2 1
422 205 1
422 206 1
422 273 1
422 307 1
422 329 1
422 330 1
422 331 1
422 332 1
422 420 1
422 427 1
422 433 1
422 459 1
422 461 1
422 462 1
422 463 1
422 479 1
422 511 1
422 529 1
422 530 1
424 113 1
424 123 1
424 535 1
426 155 1
426 196 1
426 558 1
426 560 1
430 14 1
430 21 1
430 24 1
430 26 1
430 27 1
430 31 1
430 32 1
430 33 1
430 74 1
430 87 1
430 93 1
430 128 1
430 129 1
430 131 1
430 139 1
430 178 1
430 189 1
430 194 1
430 201 1
430 209 1
430 254 1
430 260 1
430 268 1
430 277 1
430 282 1
430 295 1
430 298 1
430 299 1
430 318 1
430 320 1
430 325 1
430 335 1
430 337 1
430 351 1
430 366 1
430 367 1
430 370 1
430 372 1
430 375 1
430 378 1
430 407 1
430 431 1
430 441 1
430 445 1
430 448 1
430 458 1
430 469 1
430 470 1
430 473 1
430 481 1
430 484 1
430 485 1
430 488 1
430 489 1
430 490 1
430 506 1
430 513 1
430 522 1
430 537 1
430 538 1
430 557 1
430 567 1
430 569 1
430 573 1
431 4 1
431 9 1
431 32 1
431 42 1
431 55 1
431 56 1
431 65 1
431 73 1
431 86 1
431 100 1
431 153 1
431 162 1
431 205 1
431 206 1
431 229 1
431 340 1
431 341 1
431 401 1
431 427 1
431 433 1
431 457 1
431 459 1
431 461 1
431 462 1
431 463 1
431 479 1
431 511 1
433 255 1
433 392 1
433 396 1
433 397 1
433 495 1
433 516 1
433 541 1
433 565 1
436 221 1
436 434 1
437 27 1
437 32 1
437 33 1
437 107 1
437 125 1
437 173 1
437 189 1
437 220 1
437 299 1
437 335 1
437 375 1
437 378 1
437 483 1
437 538 1
437 569 1
438 4 1
438 28 1
438 36 1
438 97 1
438 111 1
438 146 1
438 147 1
438 155 1
438 165 1
438 168 1
438 176 1
438 196 1
438 205 1
438 206 1
438 227 1
438 236 1
438 255 1
438 377 1
438 389 1
438 392 1
438 393 1
438 396 1
438 397 1
438 427 1
438 431 1
438 433 1
438 451 1
438 459 1
438 461 1
438 462 1
438 463 1
438 466 1
438 479 1
438 495 1
438 516 1
438 535 1
438 541 1
438 552 1
438 553 1
438 558 1
438 560 1
438 563 1
438 565 1
438 571 1
438 572 1
439 32 1
439 36 1
439 228 1
439 287 1
439 511 1
439 556 1
440 14 1
440 96 1
440 123 1
440 163 1
440 201 1
440 249 1
440 518 1
440 536 1
441 4 1
441 36 1
441 90 1
441 100 1
441 104 1
441 111 1
441 123 1
441 155 1
441 158 1
441 176 1
441 205 1
441 206 1
441 255 1
441 392 1
441 396 1
441 397 1
441 419 1
441 427 1
441 433 1
441 437 1
441 459 1
441 461 1
441 462 1
441 463 1
441 479 1
441 495 1
441 497 1
441 516 1
441 526 1
441 535 1
441 541 1
441 563 1
441 565 1
445 446 1
445 493 1
448 81 1
448 265 1
448 290 1
448 327 1
448 481 1
448 558 1
448 560 1
449 20 1
449 29 1
449 38 1
449 60 1
449 118 1
449 156 1
449 165 1
449 196 1
449 354 1
449 446 1
449 451 1
449 465 1
449 491 1
449 504 1
449 505 1
449 506 1
449 534 1
449 558 1
449 560 1
449 563 1
450 23 1
450 228 1
450 372 1
450 400 1
450 423 1
451 14 1
451 15 1
451 92 1
451 96 1
451 123 1
451 127 1
451 131 1
451 163 1
451 201 1
451 249 1
451 347 1
451 406 1
451 448 1
451 484 1
451 489 1
451 518 1
451 522 1
451 536 1
451 557 1
453 251 1
453 431 1
455 36 1
455 123 1
455 155 1
455 189 1
455 197 1
455 237 1
455 393 1
455 418 1
455 552 1
455 553 1
455 563 1
455 572 1
456 460 1
457 36 1
458 273 1
458 420 1
458 529 1
458 530 1
459 56 1
459 135 1
459 155 1
459 190 1
459 250 1
459 267 1
459 401 1
459 563 1
461 298 1
463 28 1
463 36 1
463 147 1
463 155 1
463 176 1
463 226 1
463 563 1
466 301 1
467 8 1
468 6 1
468 32 1
468 67 1
468 107 1
468 233 1
468 260 1
468 483 1
468 492 1
468 573 1
469 23 1
469 400 1
470 23 1
470 26 1
470 32 1
470 33 1
470 67 1
470 74 1
470 76 1
470 96 1
470 123 1
470 163 1
470 181 1
470 201 1
470 249 1
470 260 1
470 354 1
470 505 1
470 518 1
470 536 1
470 569 1
470 573 1
473 32 1
473 131 1
473 201 1
473 203 1
473 316 1
473 448 1
473 484 1
473 489 1
473 527 1
473 557 1
476 123 1
477 28 1
477 147 1
477 558 1
477 560 1
478 323 1
479 423 1
483 32 1
483 69 1
483 87 1
483 93 1
483 98 1
483 189 1
483 219 1
483 320 1
483 378 1
483 501 1
483 513 1
483 532 1
483 551 1
484 9 1
484 35 1
484 75 1
484 124 1
484 126 1
484 129 1
484 131 1
484 134 1
484 162 1
484 178 1
484 203 1
484 220 1
484 251 1
484 282 1
486 20 1
486 155 1
486 393 1
486 431 1
486 497 1
486 552 1
486 553 1
486 563 1
486 572 1
487 205 1
487 206 1
487 427 1
487 433 1
487 459 1
487 461 1
487 462 1
487 463 1
487 479 1
488 32 1
488 189 1
488 270 1
488 276 1
488 310 1
488 535 1
488 559 1
491 10 1
491 20 1
491 32 1
491 103 1
491 105 1
491 106 1
491 393 1
491 455 1
491 465 1
491 471 1
491 477 1
491 504 1
491 534 1
491 552 1
491 553 1
491 558 1
491 560 1
491 572 1
494 6 1
494 127 1
494 165 1
494 167 1
494 351 1
494 451 1
494 454 1
495 145 1
495 320 1
497 36 1
497 558 1
497 560 1
499 21 1
499 25 1
499 31 1
499 32 1
499 38 1
499 54 1
499 61 1
499 75 1
499 81 1
499 92 1
499 102 1
499 120 1
499 121 1
499 124 1
499 129 1
499 131 1
499 146 1
499 150 1
499 156 1
499 189 1
499 198 1
499 201 1
499 203 1
499 220 1
499 231 1
499 244 1
499 251 1
499 254 1
499 282 1
499 290 1
499 298 1
499 299 1
499 320 1
499 327 1
499 335 1
499 336 1
499 337 1
499 344 1
499 366 1
499 377 1
499 378 1
499 400 1
499 425 1
499 431 1
499 445 1
499 448 1
499 465 1
499 466 1
499 467 1
499 481 1
499 484 1
499 489 1
499 506 1
499 510 1
499 532 1
499 534 1
499 557 1
499 561 1
500 20 1
500 106 1
500 115 1
500 348 1
500 393 1
500 552 1
500 553 1
500 558 1
500 560 1
500 572 1
501 124 1
504 36 1
504 236 1
504 431 1
505 20 1
505 33 1
505 67 1
505 93 1
505 103 1
505 105 1
505 196 1
505 215 1
505 277 1
505 393 1
505 455 1
505 471 1
505 477 1
505 504 1
505 506 1
505 513 1
505 552 1
505 553 1
505 558 1
505 560 1
505 569 1
505 572 1
506 32 1
506 87 1
506 378 1
508 116 1
508 189 1
511 4 1
511 90 1
511 123 1
511 571 1
514 27 1
514 31 1
514 32 1
514 33 1
514 34 1
514 87 1
514 93 1
514 139 1
514 188 1
514 212 1
514 260 1
514 299 1
514 351 1
514 354 1
514 481 1
514 494 1
514 505 1
514 513 1
514 569 1
514 573 1
515 251 1
515 257 1
515 431 1
516 123 1
516 558 1
516 560 1
517 4 1
517 36 1
517 63 1
517 135 1
517 196 1
517 226 1
517 245 1
517 273 1
517 307 1
517 321 1
517 571 1
518 91 1
518 92 1
518 155 1
518 191 1
518 447 1
519 270 1
519 414 1
520 10 1
520 158 1
520 205 1
520 206 1
520 427 1
520 433 1
520 446 1
520 459 1
520 461 1
520 462 1
520 463 1
520 479 1
520 504 1
520 535 1
520 559 1
521 8 1
521 90 1
521 111 1
521 112 1
521 155 1
521 497 1
521 563 1
523 8 1
525 32 1
525 36 1
525 37 1
525 107 1
525 146 1
525 155 1
525 237 1
525 351 1
525 393 1
525 483 1
525 504 1
525 506 1
525 526 1
525 535 1
525 552 1
525 553 1
525 558 1
525 560 1
525 562 1
525 563 1
525 572 1
529 189 1
531 36 1
531 62 1
531 91 1
531 92 1
531 124 1
531 251 1
531 431 1
531 447 1
531 506 1
532 146 1
532 389 1
532 521 1
533 556 1
534 166 1
535 57 1
535 58 1
535 60 1
535 426 1
537 10 1
537 52 1
537 255 1
537 392 1
537 396 1
537 397 1
537 482 1
537 495 1
537 516 1
537 541 1
537 565 1
538 20 1
538 27 1
538 32 1
538 34 1
538 93 1
538 180 1
538 189 1
538 260 1
538 337 1
538 354 1
538 505 1
538 513 1
538 573 1
541 20 1
541 38 1
541 112 1
541 118 1
541 137 1
541 155 1
541 196 1
541 391 1
541 412 1
541 465 1
541 504 1
541 534 1
541 558 1
541 560 1
541 563 1
542 10 1
542 45 1
542 100 1
542 205 1
542 206 1
542 427 1
542 433 1
542 459 1
542 461 1
542 462 1
542 463 1
542 479 1
542 487 1
542 535 1
543 36 1
544 10 1
544 549 1
545 16 1
545 51 1
545 196 1
545 221 1
545 281 1
545 292 1
545 293 1
545 294 1
545 337 1
545 354 1
545 417 1
545 440 1
545 504 1
545 505 1
545 526 1
545 532 1
545 558 1
545 560 1
545 562 1
546 10 1
547 277 1
549 123 1
549 504 1
550 147 1
550 328 1
551 21 1
551 131 1
551 194 1
551 244 1
551 441 1
551 448 1
551 450 1
551 458 1
551 469 1
551 473 1
551 484 1
551 485 1
551 489 1
551 490 1
551 514 1
551 537 1
551 557 1
551 567 1
553 535 1
554 118 1
554 155 1
554 563 1
555 138 1
555 155 1
555 176 1
555 196 1
555 296 1
555 376 1
555 558 1
555 560 1
555 563 1
557 31 1
557 34 1
557 125 1
557 282 1
557 320 1
557 378 1
557 445 1
557 481 1
558 38 1
558 87 1
558 102 1
558 118 1
558 155 1
558 164 1
558 242 1
558 250 1
558 257 1
558 267 1
558 301 1
558 345 1
558 425 1
558 428 1
558 517 1
558 563 1
559 146 1
559 389 1
560 146 1
560 152 1
560 229 1
560 237 1
560 437 1
561 27 1
562 419 1
563 465 1
563 534 1
563 558 1
563 560 1
566 8 1
566 61 1
566 90 1
566 255 1
566 392 1
566 396 1
566 397 1
566 495 1
566 516 1
566 538 1
566 541 1
566 565 1
568 123 1
568 237 1
568 413 1
568 418 1
570 26 1
571 6 1
571 165 1
573 7 1
573 14 1
573 96 1
573 134 1
573 163 1
573 181 1
573 189 1
573 201 1
573 249 1
573 518 1
573 536 1
575 170 1
575 172 1
575 419 1
575 511 1
576 10 1
576 68 1
576 158 1
576 168 1
576 328 1
576 535 1
576 559 1
577 251 1
577 431 1
578 6 1
578 67 1
578 215 1
578 233 1
578 270 1
578 476 1
579 26 1
581 34 1
581 337 1
582 123 1
583 51 1
583 118 1
583 155 1
583 156 1
583 465 1
583 534 1
583 554 1
583 558 1
583 560 1
583 563 1
585 15 1
585 62 1
585 125 1
585 488 1
588 23 1
588 32 1
588 196 1
588 197 1
588 226 1
588 393 1
588 552 1
588 553 1
588 558 1
588 560 1
588 572 1
592 57 1
592 58 1
592 60 1
592 426 1
594 334 1
595 90 1
595 100 1
595 158 1
595 168 1
595 185 1
595 205 1
595 206 1
595 210 1
595 211 1
595 230 1
595 255 1
595 284 1
595 285 1
595 329 1
595 330 1
595 331 1
595 332 1
595 357 1
595 392 1
595 395 1
595 396 1
595 397 1
595 424 1
595 427 1
595 433 1
595 459 1
595 461 1
595 462 1
595 463 1
595 479 1
595 487 1
595 495 1
595 516 1
595 540 1
595 541 1
595 559 1
595 564 1
595 565 1
595 566 1
597 23 1
597 228 1
597 423 1
599 549 1
601 11 1
601 420 1
601 529 1
601 530 1
602 24 1
602 31 1
602 32 1
602 54 1
602 128 1
602 166 1
602 189 1
602 201 1
602 220 1
602 239 1
602 298 1
602 431 1
603 93 1
603 504 1
603 513 1
605 196 1
605 251 1
605 366 1
605 431 1
605 551 1
606 18 1
606 61 1
606 85 1
606 100 1
606 205 1
606 206 1
606 427 1
606 433 1
606 459 1
606 461 1
606 462 1
606 463 1
606 479 1
606 493 1
606 559 1
607 8 1
607 10 1
607 12 1
607 32 1
607 244 1
607 445 1
607 465 1
607 467 1
607 534 1
608 17 1
608 52 1
608 90 1
608 149 1
608 170 1
608 172 1
608 228 1
608 287 1
608 558 1
608 560 1
610 33 1
610 96 1
610 123 1
610 163 1
610 249 1
610 518 1
610 536 1
610 569 1
611 123 1
613 158 1
613 168 1
613 502 1
613 535 1
613 559 1
614 36 1
615 273 1
615 307 1
616 22 1
616 32 1
616 34 1
616 87 1
616 98 1
616 108 1
616 109 1
616 129 1
616 139 1
616 194 1
616 201 1
616 207 1
616 235 1
616 337 1
616 354 1
616 378 1
616 388 1
616 431 1
616 441 1
616 445 1
616 458 1
616 465 1
616 469 1
616 470 1
616 473 1
616 476 1
616 485 1
616 490 1
616 505 1
616 532 1
616 534 1
616 537 1
616 538 1
616 551 1
618 113 1
619 51 1
619 219 1
619 393 1
619 417 1
619 440 1
619 504 1
619 552 1
619 553 1
619 558 1
619 560 1
619 572 1
620 20 1
620 89 1
620 194 1
620 423 1
620 441 1
620 458 1
620 469 1
620 473 1
620 476 1
620 485 1
620 490 1
620 537 1
622 36 1
623 33 1
623 34 1
623 87 1
623 93 1
623 282 1
623 318 1
623 347 1
623 351 1
623 354 1
623 378 1
623 445 1
623 505 1
623 513 1
623 538 1
623 569 1
624 377 1
624 466 1
625 251 1
625 298 1
625 431 1
626 176 1
630 196 1
630 218 1
631 231 1
631 287 1
633 27 1
633 31 1
633 32 1
633 33 1
633 93 1
633 107 1
633 139 1
633 189 1
633 200 1
633 209 1
633 235 1
633 260 1
633 299 1
633 337 1
633 347 1
633 351 1
633 354 1
633 375 1
633 378 1
633 445 1
633 481 1
633 483 1
633 505 1
633 513 1
633 567 1
633 569 1
633 573 1
635 554 1
636 4 1
636 8 1
636 205 1
636 206 1
636 252 1
636 273 1
636 368 1
636 394 1
636 420 1
636 427 1
636 433 1
636 459 1
636 461 1
636 462 1
636 463 1
636 478 1
636 479 1
636 528 1
636 529 1
636 530 1
636 531 1
636 543 1
636 571 1
638 34 1
638 244 1
640 8 1
640 158 1
640 168 1
640 493 1
640 520 1
640 535 1
640 559 1
643 6 1
643 20 1
643 22 1
643 32 1
643 34 1
643 139 1
643 165 1
643 189 1
643 226 1
643 270 1
643 414 1
643 451 1
643 558 1
643 560 1
644 96 1
644 131 1
644 163 1
644 201 1
644 448 1
644 465 1
644 484 1
644 489 1
644 534 1
644 536 1
644 557 1
646 371 1
647 14 1
647 67 1
647 75 1
647 76 1
647 96 1
647 113 1
647 123 1
647 127 1
647 146 1
647 163 1
647 201 1
647 249 1
647 328 1
647 446 1
647 518 1
647 522 1
647 536 1
649 51 1
649 118 1
649 504 1
649 554 1
649 558 1
649 560 1
650 24 1
650 128 1
650 219 1
650 299 1
650 336 1
650 359 1
650 452 1
650 481 1
653 48 1
653 70 1
653 71 1
653 72 1
653 227 1
653 228 1
653 252 1
653 273 1
653 339 1
653 368 1
653 394 1
653 420 1
653 478 1
653 528 1
653 529 1
653 530 1
653 531 1
653 543 1
654 9 1
654 14 1
654 25 1
654 32 1
654 194 1
654 201 1
654 231 1
654 366 1
654 441 1
654 442 1
654 458 1
654 469 1
654 473 1
654 485 1
654 490 1
654 522 1
654 537 1
655 155 1
655 465 1
655 534 1
655 563 1
656 196 1
657 166 1
658 194 1
658 441 1
658 458 1
658 469 1
658 473 1
658 485 1
658 490 1
658 537 1
659 155 1
659 563 1
662 277 1
663 400 1
663 425 1
665 20 1
665 51 1
665 60 1
665 174 1
665 208 1
665 221 1
665 314 1
665 417 1
665 440 1
665 467 1
665 504 1
667 155 1
667 267 1
667 345 1
667 425 1
667 563 1
668 92 1
668 419 1
669 45 1
669 52 1
669 170 1
669 205 1
669 206 1
669 419 1
669 427 1
669 433 1
669 459 1
669 461 1
669 462 1
669 463 1
669 479 1
671 14 1
671 96 1
671 163 1
671 201 1
671 536 1
672 123 1
672 196 1
673 33 1
673 34 1
673 76 1
673 96 1
673 163 1
673 201 1
673 249 1
673 518 1
673 536 1
673 569 1
675 251 1
675 257 1
675 431 1
677 36 1
678 19 1
678 122 1
678 171 1
678 267 1
678 273 1
678 301 1
678 307 1
678 312 1
678 338 1
678 340 1
678 341 1
678 425 1
678 478 1
678 504 1
678 506 1
678 570 1
679 155 1
679 196 1
681 8 1
681 24 1
681 32 1
681 128 1
681 189 1
681 351 1
681 354 1
681 505 1
681 535 1
681 538 1
683 431 1
683 506 1
687 277 1
688 45 1
688 143 1
688 168 1
688 205 1
688 206 1
688 273 1
688 420 1
688 427 1
688 433 1
688 437 1
688 459 1
688 461 1
688 462 1
688 463 1
688 479 1
688 511 1
688 529 1
688 530 1
688 535 1
690 36 1
690 45 1
690 205 1
690 206 1
690 427 1
690 433 1
690 459 1
690 461 1
690 462 1
690 463 1
690 479 1
690 535 1
690 559 1
692 166 1
693 10 1
693 67 1
693 538 1
695 231 1
696 99 1
698 57 1
698 58 1
698 60 1
698 426 1
699 38 1
699 393 1
699 552 1
699 553 1
699 558 1
699 560 1
699 572 1
700 8 1
700 168 1
700 226 1
700 535 1
701 10 1
701 52 1
701 64 1
701 419 1
701 482 1
701 497 1
701 558 1
701 560 1
702 123 1
702 467 1
703 316 1
703 527 1
704 298 1
705 278 1
705 354 1
705 505 1
707 10 1
707 205 1
707 206 1
707 427 1
707 433 1
707 459 1
707 461 1
707 462 1
707 463 1
707 479 1
707 559 1
708 32 1
708 33 1
708 83 1
708 107 1
708 140 1
708 141 1
708 189 1
708 299 1
708 347 1
708 354 1
708 370 1
708 378 1
708 483 1
708 505 1
708 569 1
709 113 1
709 251 1
709 431 1
709 542 1
710 34 1
710 74 1
710 93 1
710 139 1
710 140 1
710 141 1
710 347 1
710 354 1
710 378 1
710 505 1
710 513 1
712 27 1
712 194 1
712 441 1
712 458 1
712 469 1
712 473 1
712 485 1
712 490 1
712 537 1
716 26 1
716 131 1
716 201 1
716 244 1
716 279 1
716 386 1
716 448 1
716 484 1
716 489 1
716 522 1
716 557 1
717 21 1
717 25 1
717 31 1
717 32 1
717 61 1
717 120 1
717 124 1
717 131 1
717 156 1
717 189 1
717 194 1
717 201 1
717 203 1
717 231 1
717 244 1
717 267 1
717 299 1
717 316 1
717 336 1
717 337 1
717 366 1
717 372 1
717 377 1
717 378 1
717 400 1
717 425 1
717 431 1
717 441 1
717 445 1
717 448 1
717 458 1
717 466 1
717 469 1
717 473 1
717 481 1
717 484 1
717 485 1
717 489 1
717 490 1
717 496 1
717 511 1
717 521 1
717 527 1
717 537 1
717 551 1
717 557 1
717 558 1
717 560 1
717 561 1
717 567 1
718 96 1
718 123 1
718 163 1
718 249 1
718 518 1
718 536 1
720 23 1
720 32 1
720 131 1
720 228 1
720 400 1
720 423 1
720 448 1
720 484 1
720 489 1
720 535 1
720 557 1
721 25 1
721 131 1
721 194 1
721 201 1
721 441 1
721 448 1
721 458 1
721 460 1
721 465 1
721 469 1
721 473 1
721 484 1
721 485 1
721 489 1
721 490 1
721 534 1
721 537 1
721 557 1
721 561 1
722 361 1
722 399 1
722 446 1
723 36 1
725 542 1
726 91 1
726 92 1
726 155 1
726 447 1
728 251 1
728 257 1
728 431 1
728 506 1
731 431 1
732 205 1
732 206 1
732 427 1
732 433 1
732 459 1
732 461 1
732 462 1
732 463 1
732 479 1
733 155 1
733 563 1
734 20 1
734 24 1
734 34 1
734 99 1
734 128 1
734 179 1
734 194 1
734 255 1
734 337 1
734 392 1
734 396 1
734 397 1
734 441 1
734 458 1
734 465 1
734 469 1
734 473 1
734 485 1
734 490 1
734 495 1
734 516 1
734 534 1
734 537 1
734 541 1
734 565 1
737 155 1
737 242 1
737 257 1
737 267 1
737 345 1
737 425 1
737 563 1
738 36 1
738 118 1
738 155 1
738 504 1
738 563 1
739 215 1
739 374 1
740 23 1
740 155 1
740 196 1
740 226 1
740 393 1
740 549 1
740 552 1
740 553 1
740 554 1
740 558 1
740 560 1
740 572 1
741 6 1
741 165 1
741 167 1
741 451 1
741 454 1
743 118 1
743 155 1
743 164 1
743 242 1
743 250 1
743 257 1
743 267 1
743 345 1
743 425 1
743 563 1
744 299 1
745 113 1
752 38 1
752 123 1
752 184 1
752 535 1
753 123 1
756 155 1
756 242 1
756 250 1
756 257 1
756 267 1
756 345 1
756 425 1
756 563 1
757 8 1
757 32 1
757 113 1
757 158 1
758 91 1
758 92 1
758 155 1
758 447 1
759 273 1
760 100 1
760 123 1
760 542 1
761 36 1
761 61 1
761 236 1
761 526 1
761 562 1
762 53 1
762 227 1
762 252 1
762 273 1
762 307 1
762 339 1
762 368 1
762 394 1
762 420 1
762 478 1
762 511 1
762 528 1
762 529 1
762 530 1
762 531 1
762 543 1
763 189 1
763 465 1
763 534 1
764 423 1
765 57 1
765 58 1
765 60 1
765 426 1
768 46 1
768 61 1
768 99 1
768 170 1
768 255 1
768 392 1
768 396 1
768 397 1
768 419 1
768 495 1
768 516 1
768 541 1
768 565 1
769 8 1
769 231 1
769 366 1
769 423 1
770 36 1
770 195 1
770 295 1
771 146 1
773 431 1
774 123 1
774 497 1
774 558 1
774 559 1
774 560 1
775 558 1
775 560 1
777 123 1
777 146 1
777 152 1
777 237 1
777 437 1
778 36 1
778 111 1
778 169 1
778 176 1
778 558 1
778 560 1
779 23 1
779 32 1
779 33 1
779 45 1
779 87 1
779 201 1
779 228 1
779 260 1
779 400 1
779 423 1
779 569 1
779 573 1
780 33 1
780 34 1
780 189 1
780 260 1
780 319 1
780 337 1
780 349 1
780 436 1
780 445 1
780 533 1
780 569 1
780 573 1
781 96 1
781 163 1
781 201 1
781 228 1
781 536 1
784 205 1
784 206 1
784 427 1
784 433 1
784 459 1
784 461 1
784 462 1
784 463 1
784 479 1
785 10 1
785 535 1
785 559 1
787 20 1
788 361 1
788 446 1
789 251 1
789 431 1
789 506 1
790 123 1
796 20 1
796 23 1
796 27 1
796 32 1
796 33 1
796 73 1
796 87 1
796 96 1
796 131 1
796 163 1
796 201 1
796 219 1
796 221 1
796 354 1
796 359 1
796 393 1
796 440 1
796 448 1
796 484 1
796 489 1
796 504 1
796 505 1
796 536 1
796 552 1
796 553 1
796 557 1
796 558 1
796 560 1
796 569 1
796 572 1
798 32 1
798 347 1
800 2 1
800 419 1
800 496 1
801 509 1
802 256 1
803 146 1
804 146 1
804 521 1
807 123 1
807 542 1
808 67 1
808 233 1
808 476 1
809 27 1
809 32 1
809 74 1
809 83 1
809 93 1
809 139 1
809 189 1
809 200 1
809 235 1
809 260 1
809 347 1
809 351 1
809 378 1
809 445 1
809 470 1
809 513 1
809 538 1
809 573 1
810 21 1
810 61 1
810 96 1
810 120 1
810 124 1
810 131 1
810 201 1
810 203 1
810 220 1
810 231 1
810 251 1
810 299 1
810 337 1
810 378 1
810 391 1
810 412 1
810 431 1
810 448 1
810 465 1
810 467 1
810 481 1
810 484 1
810 489 1
810 534 1
810 557 1
810 567 1
811 10 1
811 112 1
811 155 1
811 468 1
811 474 1
811 515 1
811 559 1
811 563 1
811 568 1
812 62 1
814 41 1
814 266 1
815 92 1
816 20 1
816 60 1
816 112 1
816 155 1
816 446 1
816 465 1
816 534 1
816 558 1
816 560 1
816 563 1
817 509 1
818 155 1
818 563 1
819 356 1
820 235 1
820 351 1
820 354 1
820 454 1
820 505 1
820 538 1
822 325 1
823 20 1
823 103 1
823 105 1
823 258 1
823 455 1
823 471 1
823 477 1
825 10 1
825 38 1
825 196 1
825 440 1
825 504 1
825 558 1
825 560 1
827 6 1
827 67 1
827 168 1
827 189 1
827 215 1
827 233 1
827 270 1
827 414 1
827 476 1
831 10 1
831 36 1
831 45 1
831 99 1
831 324 1
832 194 1
832 260 1
832 347 1
832 441 1
832 445 1
832 458 1
832 469 1
832 473 1
832 476 1
832 485 1
832 490 1
832 537 1
832 573 1
833 251 1
833 257 1
833 431 1
833 506 1
835 439 1
836 431 1
836 506 1
837 24 1
837 31 1
837 32 1
837 128 1
837 139 1
837 282 1
837 299 1
837 318 1
837 320 1
837 336 1
837 337 1
837 359 1
837 367 1
837 378 1
837 445 1
837 481 1
837 538 1
837 551 1
838 118 1
838 155 1
838 164 1
838 413 1
839 10 1
839 52 1
839 170 1
839 482 1
839 497 1
840 32 1
841 96 1
841 163 1
841 249 1
841 518 1
841 536 1
842 15 1
843 21 1
843 25 1
843 38 1
843 61 1
843 86 1
843 131 1
843 151 1
843 156 1
843 173 1
843 194 1
843 201 1
843 203 1
843 220 1
843 231 1
843 254 1
843 298 1
843 325 1
843 334 1
843 344 1
843 366 1
843 441 1
843 448 1
843 458 1
843 469 1
843 473 1
843 484 1
843 485 1
843 489 1
843 490 1
843 510 1
843 537 1
843 557 1
843 567 1
844 82 1
844 201 1
844 260 1
844 573 1
845 4 1
845 11 1
845 73 1
845 104 1
845 123 1
845 146 1
845 159 1
845 160 1
845 162 1
845 213 1
845 214 1
845 227 1
845 252 1
845 368 1
845 394 1
845 420 1
845 421 1
845 422 1
845 478 1
845 511 1
845 528 1
845 529 1
845 530 1
845 531 1
845 543 1
845 571 1
846 27 1
846 31 1
846 32 1
846 33 1
846 34 1
846 74 1
846 83 1
846 87 1
846 107 1
846 125 1
846 133 1
846 189 1
846 222 1
846 235 1
846 260 1
846 299 1
846 320 1
846 337 1
846 347 1
846 351 1
846 354 1
846 370 1
846 378 1
846 445 1
846 470 1
846 481 1
846 483 1
846 488 1
846 505 1
846 538 1
846 569 1
846 573 1
847 146 1
848 6 1
848 20 1
848 55 1
848 56 1
848 155 1
848 250 1
848 267 1
848 401 1
848 425 1
848 465 1
848 534 1
848 563 1
850 251 1
850 431 1
850 506 1
851 123 1
854 107 1
854 140 1
854 141 1
854 189 1
854 194 1
854 196 1
854 219 1
854 336 1
854 359 1
854 378 1
854 441 1
854 445 1
854 452 1
854 458 1
854 467 1
854 469 1
854 473 1
854 483 1
854 485 1
854 490 1
854 492 1
854 504 1
854 537 1
854 551 1
855 32 1
857 32 1
857 139 1
857 219 1
857 282 1
857 299 1
857 318 1
857 336 1
857 337 1
857 347 1
857 359 1
857 378 1
857 445 1
857 452 1
857 481 1
857 538 1
857 551 1
858 56 1
858 96 1
858 113 1
858 163 1
858 201 1
858 249 1
858 401 1
858 518 1
858 536 1
862 54 1
862 129 1
862 194 1
862 441 1
862 458 1
862 469 1
862 473 1
862 485 1
862 490 1
862 537 1
863 231 1
863 366 1
865 57 1
865 58 1
865 60 1
865 426 1
866 10 1
866 20 1
866 93 1
866 99 1
866 194 1
866 201 1
866 205 1
866 206 1
866 411 1
866 427 1
866 433 1
866 441 1
866 458 1
866 459 1
866 461 1
866 462 1
866 463 1
866 469 1
866 473 1
866 476 1
866 479 1
866 485 1
866 490 1
866 504 1
866 513 1
866 537 1
867 100 1
867 155 1
867 255 1
867 392 1
867 396 1
867 397 1
867 495 1
867 516 1
867 541 1
867 563 1
867 565 1
868 23 1
868 148 1
868 232 1
869 23 1
869 554 1
869 558 1
869 560 1
872 155 1
872 197 1
872 393 1
872 552 1
872 553 1
872 563 1
872 572 1
873 21 1
873 131 1
873 194 1
873 244 1
873 441 1
873 448 1
873 450 1
873 458 1
873 469 1
873 473 1
873 484 1
873 485 1
873 489 1
873 490 1
873 514 1
873 537 1
873 557 1
873 567 1
875 186 1
875 189 1
875 398 1
875 419 1
875 549 1
877 20 1
877 57 1
877 58 1
877 60 1
877 118 1
877 155 1
877 156 1
877 393 1
877 426 1
877 521 1
877 552 1
877 553 1
877 558 1
877 560 1
877 563 1
877 572 1
878 34 1
878 107 1
878 209 1
878 337 1
878 347 1
878 378 1
878 481 1
878 483 1
878 538 1
881 24 1
881 128 1
881 231 1
881 320 1
881 366 1
881 445 1
883 36 1
883 236 1
883 526 1
883 558 1
883 560 1
883 562 1
885 100 1
885 419 1
885 559 1
886 103 1
886 105 1
886 106 1
886 115 1
886 455 1
886 477 1
886 558 1
886 560 1
888 24 1
888 25 1
888 34 1
888 93 1
888 107 1
888 125 1
888 128 1
888 131 1
888 133 1
888 189 1
888 201 1
888 203 1
888 231 1
888 316 1
888 336 1
888 337 1
888 445 1
888 448 1
888 481 1
888 483 1
888 484 1
888 489 1
888 513 1
888 527 1
888 538 1
888 549 1
888 557 1
889 31 1
889 32 1
889 93 1
889 139 1
889 189 1
889 219 1
889 235 1
889 299 1
889 336 1
889 337 1
889 347 1
889 351 1
889 370 1
889 481 1
889 513 1
889 538 1
890 10 1
890 52 1
890 203 1
890 255 1
890 392 1
890 396 1
890 397 1
890 482 1
890 495 1
890 516 1
890 541 1
890 565 1
892 26 1
892 256 1
892 316 1
892 527 1
894 194 1
894 441 1
894 458 1
894 469 1
894 473 1
894 485 1
894 490 1
894 537 1
896 10 1
896 14 1
896 33 1
896 67 1
896 96 1
896 113 1
896 123 1
896 127 1
896 131 1
896 163 1
896 189 1
896 249 1
896 277 1
896 328 1
896 354 1
896 448 1
896 484 1
896 489 1
896 505 1
896 517 1
896 518 1
896 536 1
896 557 1
896 569 1
899 20 1
899 60 1
901 36 1
902 92 1
903 204 1
905 166 1
905 423 1
907 104 1
908 205 1
908 206 1
908 427 1
908 433 1
908 459 1
908 461 1
908 462 1
908 463 1
908 479 1
908 535 1
909 36 1
909 168 1
909 431 1
910 10 1
910 100 1
910 131 1
910 165 1
910 183 1
910 189 1
910 255 1
910 260 1
910 392 1
910 396 1
910 397 1
910 419 1
910 429 1
910 448 1
910 451 1
910 484 1
910 489 1
910 495 1
910 516 1
910 535 1
910 541 1
910 557 1
910 558 1
910 560 1
910 565 1
910 573 1
912 57 1
912 58 1
912 60 1
912 426 1
913 2 1
913 4 1
913 96 1
913 158 1
913 163 1
913 168 1
913 205 1
913 249 1
913 338 1
913 339 1
913 419 1
913 420 1
913 511 1
913 518 1
913 529 1
913 530 1
913 535 1
913 536 1
914 124 1
914 149 1
914 166 1
914 205 1
914 206 1
914 427 1
914 433 1
914 459 1
914 461 1
914 462 1
914 463 1
914 479 1
914 542 1
915 118 1
915 311 1
917 21 1
918 24 1
918 128 1
918 133 1
918 282 1
918 299 1
918 320 1
918 367 1
918 378 1
918 445 1
920 113 1
920 124 1
920 149 1
920 535 1
920 542 1
921 20 1
921 27 1
921 103 1
921 196 1
921 393 1
921 504 1
921 552 1
921 553 1
921 558 1
921 560 1
921 572 1
922 165 1
922 451 1
924 241 1
924 273 1
924 408 1
924 480 1
926 256 1
927 20 1
927 24 1
927 32 1
927 33 1
927 60 1
927 87 1
927 128 1
927 189 1
927 215 1
927 361 1
927 365 1
927 399 1
927 446 1
927 569 1
929 36 1
929 92 1
929 155 1
929 191 1
929 372 1
930 123 1
930 166 1
932 112 1
932 155 1
932 196 1
932 226 1
932 563 1
939 20 1
939 103 1
939 337 1
939 393 1
939 552 1
939 553 1
939 558 1
939 560 1
939 572 1
940 204 1
941 201 1
941 567 1
942 103 1
942 105 1
942 223 1
942 455 1
942 471 1
942 477 1
942 558 1
942 560 1
943 35 1
943 261 1
944 90 1
944 205 1
944 206 1
944 427 1
944 433 1
944 459 1
944 461 1
944 462 1
944 463 1
944 479 1
945 32 1
945 33 1
945 74 1
945 87 1
945 107 1
945 189 1
945 354 1
945 378 1
945 483 1
945 505 1
945 569 1
947 131 1
947 201 1
947 448 1
947 484 1
947 489 1
947 557 1
948 4 1
948 68 1
948 99 1
948 100 1
948 158 1
948 168 1
948 205 1
948 206 1
948 255 1
948 328 1
948 392 1
948 396 1
948 397 1
948 427 1
948 433 1
948 446 1
948 459 1
948 461 1
948 462 1
948 463 1
948 479 1
948 495 1
948 516 1
948 535 1
948 541 1
948 559 1
948 565 1
948 571 1
949 361 1
949 399 1
949 446 1
953 35 1
953 261 1
956 36 1
956 197 1
956 356 1
958 20 1
958 36 1
958 38 1
958 111 1
958 153 1
958 155 1
958 176 1
958 196 1
958 197 1
958 226 1
958 277 1
958 393 1
958 431 1
958 440 1
958 457 1
958 497 1
958 506 1
958 552 1
958 553 1
958 558 1
958 560 1
958 563 1
958 572 1
961 21 1
961 36 1
961 38 1
961 236 1
961 491 1
961 558 1
961 560 1
962 196 1
962 309 1
962 346 1
962 419 1
962 449 1
963 60 1
963 558 1
963 560 1
965 334 1
967 57 1
967 58 1
967 60 1
967 426 1
968 526 1
969 32 1
969 189 1
971 32 1
971 189 1
972 23 1
972 228 1
972 423 1
975 34 1
975 57 1
975 58 1
975 60 1
975 255 1
975 277 1
975 392 1
975 396 1
975 397 1
975 426 1
975 465 1
975 495 1
975 516 1
975 534 1
975 541 1
975 558 1
975 560 1
975 565 1
976 167 1
976 454 1
978 36 1
978 38 1
978 93 1
978 155 1
978 196 1
978 491 1
978 504 1
978 513 1
978 526 1
978 558 1
978 560 1
978 563 1
979 166 1
979 251 1
980 558 1
980 560 1
984 123 1
984 460 1
984 535 1
984 559 1
985 22 1
985 32 1
985 74 1
985 208 1
985 354 1
985 378 1
985 481 1
985 505 1
990 138 1
990 296 1
990 376 1
991 535 1
991 559 1
993 100 1
993 123 1
993 168 1
993 428 1
993 520 1
993 535 1
993 559 1
997 4 1
997 100 1
997 168 1
997 224 1
997 361 1
997 559 1
997 571 1
998 21 1
1000 431 1
1002 123 1
1003 104 1
1003 123 1
1003 148 1
1003 155 1
1003 189 1
1003 237 1
1003 418 1
1003 563 1
1004 36 1
1005 166 1
1005 277 1
1005 423 1
1006 440 1
1006 504 1
1006 558 1
1006 560 1
1007 35 1
1007 145 1
1007 261 1
1007 337 1
1007 349 1
1007 453 1
1008 93 1
1008 139 1
1008 299 1
1008 337 1
1008 481 1
1008 513 1
1009 24 1
1009 27 1
1009 31 1
1009 32 1
1009 33 1
1009 34 1
1009 36 1
1009 74 1
1009 87 1
1009 93 1
1009 128 1
1009 139 1
1009 142 1
1009 145 1
1009 154 1
1009 169 1
1009 189 1
1009 200 1
1009 201 1
1009 209 1
1009 260 1
1009 337 1
1009 347 1
1009 351 1
1009 354 1
1009 378 1
1009 431 1
1009 445 1
1009 470 1
1009 498 1
1009 499 1
1009 505 1
1009 507 1
1009 513 1
1009 538 1
1009 551 1
1009 569 1
1009 573 1
1010 155 1
1010 558 1
1010 560 1
1010 563 1
1011 559 1
1013 123 1
1013 146 1
1013 152 1
1013 237 1
1014 47 1
1014 48 1
1014 53 1
1014 101 1
1014 205 1
1014 206 1
1014 212 1
1014 217 1
1014 228 1
1014 248 1
1014 273 1
1014 275 1
1014 287 1
1014 303 1
1014 304 1
1014 409 1
1014 420 1
1014 427 1
1014 431 1
1014 433 1
1014 459 1
1014 461 1
1014 462 1
1014 463 1
1014 479 1
1014 511 1
1014 529 1
1014 530 1
1014 550 1
1014 555 1
1015 36 1
1015 100 1
1015 158 1
1015 168 1
1015 255 1
1015 392 1
1015 396 1
1015 397 1
1015 495 1
1015 516 1
1015 535 1
1015 541 1
1015 559 1
1015 565 1
1016 113 1
1017 282 1
1017 320 1
1017 337 1
1017 445 1
1017 481 1
1018 201 1
1021 24 1
1021 27 1
1021 31 1
1021 32 1
1021 107 1
1021 128 1
1021 189 1
1021 209 1
1021 235 1
1021 260 1
1021 299 1
1021 320 1
1021 347 1
1021 351 1
1021 354 1
1021 375 1
1021 378 1
1021 470 1
1021 481 1
1021 483 1
1021 505 1
1021 538 1
1021 573 1
1022 36 1
1022 236 1
1022 526 1
1023 8 1
1023 20 1
1023 26 1
1023 36 1
1023 90 1
1023 196 1
1023 420 1
1023 504 1
1023 529 1
1023 530 1
1024 23 1
1025 32 1
1025 270 1
1025 289 1
1025 310 1
1026 4 1
1026 100 1
1026 170 1
1026 172 1
1026 419 1
1026 429 1
1026 571 1
1028 32 1
1028 35 1
1028 54 1
1028 445 1
1029 123 1
1029 155 1
1029 563 1
1031 60 1
1031 446 1
1032 123 1
1033 36 1
1033 155 1
1033 535 1
1033 563 1
1034 91 1
1034 92 1
1034 155 1
1034 447 1
1035 36 1
1035 236 1
1035 526 1
1035 558 1
1035 560 1
1036 189 1
1036 443 1
1036 538 1
1037 118 1
1037 155 1
1037 197 1
1037 267 1
1037 425 1
1037 456 1
1037 563 1
1038 205 1
1038 206 1
1038 427 1
1038 433 1
1038 459 1
1038 461 1
1038 462 1
1038 463 1
1038 479 1
1040 3 1
1040 170 1
1040 419 1
1040 429 1
1040 544 1
1042 45 1
1042 90 1
1042 168 1
1042 255 1
1042 273 1
1042 307 1
1042 338 1
1042 339 1
1042 392 1
1042 394 1
1042 396 1
1042 397 1
1042 420 1
1042 478 1
1042 495 1
1042 496 1
1042 516 1
1042 528 1
1042 529 1
1042 530 1
1042 531 1
1042 535 1
1042 541 1
1042 543 1
1042 565 1
1042 570 1
1043 28 1
1043 147 1
1043 155 1
1043 227 1
1043 228 1
1043 563 1
1044 24 1
1044 27 1
1044 32 1
1044 33 1
1044 61 1
1044 123 1
1044 128 1
1044 189 1
1044 299 1
1044 320 1
1044 367 1
1044 407 1
1044 445 1
1044 481 1
1044 538 1
1044 569 1
1046 93 1
1046 260 1
1046 299 1
1046 354 1
1046 505 1
1046 513 1
1046 573 1
1050 91 1
1050 138 1
1050 155 1
1050 296 1
1050 376 1
1051 166 1
1051 337 1
1051 423 1
1051 506 1
1052 38 1
1052 166 1
1052 497 1
1054 91 1
1054 92 1
1054 447 1
1056 9 1
1056 22 1
1056 123 1
1056 189 1
1056 237 1
1056 418 1
1057 32 1
1057 180 1
1057 184 1
1057 186 1
1059 51 1
1059 61 1
1059 114 1
1059 136 1
1059 272 1
1059 305 1
1059 333 1
1059 417 1
1059 437 1
1059 440 1
1059 512 1
1060 366 1
1061 123 1
1061 205 1
1061 206 1
1061 427 1
1061 433 1
1061 459 1
1061 461 1
1061 462 1
1061 463 1
1061 479 1
1061 511 1
1061 559 1
1062 231 1
1062 251 1
1062 257 1
1062 260 1
1062 366 1
1062 431 1
1062 573 1
1063 251 1
1063 257 1
1063 431 1
1063 506 1
1064 45 1
1064 64 1
1064 90 1
1064 158 1
1064 205 1
1064 206 1
1064 424 1
1064 427 1
1064 433 1
1064 459 1
1064 461 1
1064 462 1
1064 463 1
1064 479 1
1064 497 1
1064 535 1
1064 559 1
1066 497 1
1067 36 1
1068 20 1
1068 27 1
1068 32 1
1068 33 1
1068 34 1
1068 74 1
1068 87 1
1068 93 1
1068 125 1
1068 189 1
1068 235 1
1068 260 1
1068 337 1
1068 351 1
1068 445 1
1068 470 1
1068 481 1
1068 513 1
1068 538 1
1068 569 1
1068 573 1
1069 113 1
1069 143 1
1070 21 1
1071 23 1
1071 146 1
1071 205 1
1071 206 1
1071 427 1
1071 433 1
1071 459 1
1071 461 1
1071 462 1
1071 463 1
1071 479 1
1072 31 1
1072 32 1
1072 34 1
1072 54 1
1072 75 1
1072 93 1
1072 113 1
1072 131 1
1072 133 1
1072 134 1
1072 157 1
1072 166 1
1072 189 1
1072 201 1
1072 203 1
1072 208 1
1072 220 1
1072 239 1
1072 251 1
1072 260 1
1072 267 1
1072 282 1
1072 298 1
1072 335 1
1072 337 1
1072 366 1
1072 378 1
1072 417 1
1072 425 1
1072 431 1
1072 440 1
1072 444 1
1072 445 1
1072 502 1
1072 504 1
1072 513 1
1072 551 1
1072 573 1
1073 4 1
1073 61 1
1073 66 1
1073 119 1
1073 170 1
1073 386 1
1073 419 1
1073 438 1
1073 486 1
1073 571 1
1074 36 1
1074 558 1
1074 560 1
1076 8 1
1076 90 1
1076 99 1
1076 100 1
1076 158 1
1076 205 1
1076 206 1
1076 255 1
1076 392 1
1076 396 1
1076 397 1
1076 427 1
1076 433 1
1076 446 1
1076 459 1
1076 461 1
1076 462 1
1076 463 1
1076 479 1
1076 495 1
1076 516 1
1076 535 1
1076 541 1
1076 564 1
1076 565 1
1076 566 1
1077 205 1
1077 206 1
1077 427 1
1077 433 1
1077 459 1
1077 461 1
1077 462 1
1077 463 1
1077 479 1
1078 155 1
1078 196 1
1078 220 1
1079 20 1
1079 103 1
1079 106 1
1079 115 1
1079 355 1
1079 393 1
1079 471 1
1079 552 1
1079 553 1
1079 572 1
1080 158 1
1080 168 1
1080 255 1
1080 392 1
1080 396 1
1080 397 1
1080 495 1
1080 516 1
1080 535 1
1080 541 1
1080 559 1
1080 565 1
1082 36 1
1082 155 1
1082 563 1
1085 535 1
1086 27 1
1086 32 1
1086 34 1
1086 74 1
1086 87 1
1086 93 1
1086 140 1
1086 141 1
1086 189 1
1086 260 1
1086 337 1
1086 354 1
1086 378 1
1086 445 1
1086 505 1
1086 513 1
1086 538 1
1086 573 1
1088 231 1
1088 366 1
1092 32 1
1092 282 1
1092 320 1
1092 359 1
1092 378 1
1092 551 1
1093 100 1
1093 158 1
1093 205 1
1093 206 1
1093 395 1
1093 427 1
1093 433 1
1093 459 1
1093 461 1
1093 462 1
1093 463 1
1093 479 1
1093 559 1
1095 32 1
1095 87 1
1095 378 1
1096 194 1
1096 298 1
1096 441 1
1096 458 1
1096 469 1
1096 473 1
1096 485 1
1096 490 1
1096 537 1
1097 57 1
1097 58 1
1097 60 1
1097 426 1
1098 27 1
1098 32 1
1098 33 1
1098 87 1
1098 260 1
1098 319 1
1098 336 1
1098 337 1
1098 347 1
1098 354 1
1098 431 1
1098 436 1
1098 445 1
1098 505 1
1098 535 1
1098 538 1
1098 551 1
1098 569 1
1098 573 1
1102 205 1
1102 206 1
1102 427 1
1102 433 1
1102 459 1
1102 461 1
1102 462 1
1102 463 1
1102 479 1
1103 107 1
1103 189 1
1103 269 1
1103 483 1
1103 492 1
1103 501 1
1104 8 1
1105 431 1
1105 506 1
1106 20 1
1106 38 1
1106 112 1
1106 155 1
1106 226 1
1106 465 1
1106 534 1
1106 563 1
1109 96 1
1109 163 1
1109 536 1
1111 431 1
1113 251 1
1113 431 1
1114 423 1
1116 96 1
1116 163 1
1116 165 1
1116 249 1
1116 366 1
1116 440 1
1116 451 1
1116 518 1
1116 536 1
1117 36 1
1123 273 1
1123 307 1
1125 446 1
1128 27 1
1128 430 1
1139 196 1
1139 221 1
1140 36 1
1140 322 1
1144 273 1
1144 307 1
1149 10 1
1149 99 1
1149 158 1
1149 205 1
1149 206 1
1149 236 1
1149 427 1
1149 433 1
1149 459 1
1149 461 1
1149 462 1
1149 463 1
1149 479 1
1149 487 1
1149 535 1
1149 558 1
1149 559 1
1149 560 1
1151 155 1
1151 563 1
1153 251 1
1153 431 1
1153 446 1
1155 431 1
1156 170 1
1156 172 1
1156 419 1
1159 36 1
1159 165 1
1159 451 1
1161 23 1
1161 36 1
1161 228 1
1161 255 1
1161 322 1
1161 392 1
1161 396 1
1161 397 1
1161 495 1
1161 516 1
1161 541 1
1161 565 1
1165 27 1
1165 36 1
1165 81 1
1165 290 1
1165 372 1
1166 36 1
1166 446 1
1166 558 1
1166 560 1
1167 20 1
1167 24 1
1167 26 1
1167 60 1
1167 103 1
1167 105 1
1167 106 1
1167 128 1
1167 215 1
1167 240 1
1167 373 1
1167 445 1
1167 446 1
1167 455 1
1167 471 1
1167 477 1
1167 558 1
1167 560 1
1168 25 1
1168 92 1
1168 194 1
1168 325 1
1168 441 1
1168 458 1
1168 469 1
1168 473 1
1168 485 1
1168 490 1
1168 522 1
1168 537 1
1169 215 1
1169 476 1
1172 113 1
1172 123 1
1173 148 1
1173 334 1
1175 123 1
1175 205 1
1175 206 1
1175 427 1
1175 433 1
1175 459 1
1175 461 1
1175 462 1
1175 463 1
1175 479 1
1175 559 1
1176 13 1
1176 32 1
1176 67 1
1176 220 1
1176 244 1
1176 267 1
1176 336 1
1176 425 1
1176 444 1
1178 431 1
1178 506 1
1179 506 1
1180 251 1
1181 431 1
1187 36 1
1188 96 1
1188 163 1
1188 536 1
1189 189 1
1189 276 1
1190 549 1
1191 27 1
1194 23 1
1195 36 1
1196 36 1
1196 196 1
1196 262 1
1198 36 1
1198 236 1
1201 497 1
1203 33 1
1203 117 1
1203 165 1
1203 231 1
1203 377 1
1203 405 1
1203 451 1
1203 466 1
1203 569 1
1212 535 1
1215 559 1
1216 535 1
1218 96 1
1218 163 1
1218 536 1
1218 542 1
1220 535 1
1226 85 1
1226 100 1
1226 158 1
1226 205 1
1226 206 1
1226 427 1
1226 433 1
1226 459 1
1226 461 1
1226 462 1
1226 463 1
1226 479 1
1226 493 1
1227 100 1
1227 361 1
1227 399 1
1227 446 1
1227 493 1
1229 361 1
1229 399 1
1229 446 1
1230 36 1
1230 393 1
1230 552 1
1230 553 1
1230 558 1
1230 560 1
1230 572 1
1234 26 1
1234 122 1
1234 259 1
1234 277 1
1234 313 1
1238 107 1
1238 354 1
1238 483 1
1238 492 1
1238 505 1
1240 255 1
1240 392 1
1240 396 1
1240 397 1
1240 495 1
1240 516 1
1240 541 1
1240 565 1
1241 20 1
1241 60 1
1241 74 1
1241 93 1
1241 189 1
1241 212 1
1241 215 1
1241 337 1
1241 386 1
1241 431 1
1241 513 1
1241 559 1
1246 20 1
1246 103 1
1246 393 1
1246 465 1
1246 534 1
1246 552 1
1246 553 1
1246 572 1
1248 419 1
1255 205 1
1255 206 1
1255 427 1
1255 433 1
1255 459 1
1255 461 1
1255 462 1
1255 463 1
1255 479 1
1256 467 1
1258 131 1
1258 201 1
1258 277 1
1258 448 1
1258 484 1
1258 489 1
1258 522 1
1258 557 1
1264 10 1
1264 205 1
1264 206 1
1264 427 1
1264 433 1
1264 459 1
1264 461 1
1264 462 1
1264 463 1
1264 479 1
1269 205 1
1269 206 1
1269 427 1
1269 433 1
1269 459 1
1269 461 1
1269 462 1
1269 463 1
1269 479 1
1272 36 1
1274 14 1
1274 96 1
1274 163 1
1274 201 1
1274 536 1
1276 431 1
1276 506 1
1278 205 1
1278 206 1
1278 427 1
1278 433 1
1278 459 1
1278 461 1
1278 462 1
1278 463 1
1278 479 1
1287 36 1
1287 81 1
1287 281 1
1287 290 1
1287 391 1
1287 412 1
1287 465 1
1287 534 1
1287 558 1
1287 560 1
1290 194 1
1290 231 1
1290 441 1
1290 458 1
1290 469 1
1290 473 1
1290 485 1
1290 490 1
1290 537 1
1294 32 1
1294 139 1
1294 189 1
1294 196 1
1294 201 1
1294 260 1
1294 335 1
1294 354 1
1294 378 1
1294 424 1
1294 505 1
1294 551 1
1294 573 1
1297 504 1
1299 10 1
1299 20 1
1299 32 1
1299 33 1
1299 34 1
1299 38 1
1299 60 1
1299 67 1
1299 74 1
1299 87 1
1299 93 1
1299 96 1
1299 99 1
1299 107 1
1299 133 1
1299 145 1
1299 154 1
1299 156 1
1299 163 1
1299 165 1
1299 181 1
1299 187 1
1299 189 1
1299 196 1
1299 201 1
1299 212 1
1299 215 1
1299 226 1
1299 231 1
1299 281 1
1299 289 1
1299 337 1
1299 354 1
1299 385 1
1299 391 1
1299 393 1
1299 407 1
1299 412 1
1299 419 1
1299 429 1
1299 431 1
1299 440 1
1299 445 1
1299 446 1
1299 451 1
1299 470 1
1299 481 1
1299 483 1
1299 497 1
1299 504 1
1299 505 1
1299 506 1
1299 507 1
1299 508 1
1299 513 1
1299 536 1
1299 538 1
1299 539 1
1299 551 1
1299 552 1
1299 553 1
1299 558 1
1299 560 1
1299 569 1
1299 572 1
1304 10 1
1312 201 1
1319 302 1
1320 39 1
1320 382 1
1323 178 1
1328 32 1
1329 198 1
1329 199 1
1329 413 1
1329 472 1
1337 194 1
1337 441 1
1337 458 1
1337 469 1
1337 473 1
1337 485 1
1337 490 1
1337 537 1
1338 27 1
1338 32 1
1338 93 1
1338 139 1
1338 219 1
1338 299 1
1338 337 1
1338 347 1
1338 481 1
1338 513 1
1338 538 1
1338 551 1
1339 20 1
1344 27 1
1344 32 1
1344 33 1
1344 34 1
1344 96 1
1344 163 1
1344 354 1
1344 505 1
1344 536 1
1344 558 1
1344 560 1
1344 569 1
1345 27 1
1345 255 1
1345 337 1
1345 392 1
1345 396 1
1345 397 1
1345 495 1
1345 516 1
1345 541 1
1345 565 1
1346 212 1
1346 300 1
1348 10 1
1348 32 1
1348 189 1
1348 231 1
1348 238 1
1348 445 1
1352 186 1
1354 535 1
1355 205 1
1355 206 1
1355 427 1
1355 433 1
1355 459 1
1355 461 1
1355 462 1
1355 463 1
1355 479 1
1357 45 1
1357 90 1
1357 99 1
1362 28 1
1362 147 1
1362 155 1
1362 563 1
1456 107 1
1456 492 1
